0
1464
2826
3870
4758
4938
5112
5202
5244
5280
5292
5250
5262
5268
5292
5256
5250
5268
5286
5304
5256
5244
5280
5292
5274
5268
5262
5304
5286
5262
5268
5268
5316
5274
5268
5250
5274
5304
5268
5262
5268
5292
5310
5274
5256
5274
5298
5310
5256
5268
5292
5304
5304
5250
5286
5304
5292
5268
5256
5274
5304
5268
5268
5250
5268
5286
5274
5274
5250
5310
5298
5274
5262
5268
5292
5304
5274
5268
5274
5298
5304
5244
5268
5292
5298
5256
5244
5280
5304
5274
5268
5256
5280
5280
5268
5262
5268
5316
5286
5262
5256
5274
5316
5268
5262
5268
5274
5304
5268
5250
5268
5298
5310
5256
5244
5292
5304
5304
5256
5280
5298
5298
5280
5262
5274
5304
5286
5268
5256
5274
5316
5274
5262
5250
5268
5298
5274
5262
5268
5292
5298
5268
5250
5274
5292
5310
5262
5268
5286
5304
5304
5250
5286
5298
5298
5274
5256
5298
5280
5262
5268
5268
5316
5286
5274
5244
5280
5316
5304
5262
5268
5274
5298
5268
5250
5268
5274
5316
5262
5250
5268
5304
5310
5256
5244
5304
5298
5280
5268
5274
5304
5280
5262
5262
5268
5310
5280
5268
5256
5274
5316
5268
5262
5262
5274
5304
5274
5250
5280
5274
5310
5262
5250
5286
5304
5304
5256
5244
5304
5304
5268
5256
5274
5298
5268
5268
5256
5274
5286
5268
5262
5250
5316
5304
5274
5256
5274
5298
5304
5274
5262
5268
5292
5310
5244
5268
5286
5298
5256
5244
5280
5292
5280
5268
5256
5280
5280
5268
5268
5262
5310
5280
5274
5268
5274
5322
5292
5274
5262
5274
5310
5304
5250
5268
5274
5292
5262
5250
5262
5310
5310
5256
5280
5304
5298
5286
5256
5274
5304
5286
5274
5262
5274
5310
5262
5268
5250
5274
5298
5274
5262
5256
5304
5304
5274
5250
5268
5286
5304
5262
5262
5280
5298
5310
5244
5274
5298
5298
5262
5256
5286
5298
5262
5268
5268
5268
5286
5268
5268
5250
5316
5304
5274
5262
5274
5304
5304
5268
5274
5274
5304
5262
5244
5262
5304
5316
5256
5244
5298
5304
5292
5268
5280
5304
5280
5268
5262
5274
5304
5280
5268
5250
5280
5316
5268
5262
5256
5280
5304
5274
5250
5274
5292
5304
5262
5244
5280
5298
5316
5256
5274
5298
5304
5292
5262
5280
5304
5280
5274
5268
5268
5304
5262
5268
5250
5274
5298
5268
5262
5250
5310
5304
5250
5268
5268
5292
5262
5250
5256
5274
5310
5256
5244
5268
5298
5298
5262
5256
5304
5280
5268
5268
5268
5304
5280
5262
5256
5274
5316
5298
5262
5250
5280
5316
5274
5250
5268
5268
5304
5274
5250
5262
5298
5316
5256
5244
5298
5304
5298
5262
5280
5304
5280
5274
5262
5274
5304
5280
5268
5256
5274
5316
5274
5262
5280
5316
5304
5274
5268
5268
5292
5310
5250
5262
5268
5298
5256
5250
5262
5292
5298
5262
5250
5286
5292
5274
5268
5262
5304
5280
5262
5268
5274
5316
5292
5268
5250
5280
5316
5298
5256
5268
5274
5292
5274
5250
5268
5268
5310
5256
5250
5268
5304
5304
5262
5250
5298
5292
5274
5268
5274
5298
5280
5268
5256
5274
5292
5274
5262
5250
5316
5298
5274
5256
5268
5298
5310
5274
5262
5268
5292
5316
5244
5268
5286
5304
5262
5250
5280
5304
5268
5268
5262
5280
5280
5262
5262
5256
5310
5286
5268
5268
5274
5322
5304
5274
5262
5268
5304
5304
5256
5268
5268
5292
5256
5250
5268
5280
5304
5256
5250
5280
5292
5280
5262
5256
5304
5286
5268
5256
5274
5316
5268
5262
5250
5280
5304
5274
5256
5262
5298
5304
5274
5250
5268
5292
5316
5268
5268
5286
5304
5310
5250
5280
5304
5292
5268
5256
5280
5304
5262
5262
5262
5268
5292
5268
5262
5244
5316
5298
5280
5256
5268
5292
5304
5274
5268
5268
5292
5310
5250
5274
5292
5298
5256
5250
5280
5298
5280
5268
5274
5304
5280
5262
5256
5274
5316
5292
5262
5250
5274
5316
5280
5262
5262
5274
5304
5274
5256
5274
5292
5310
5262
5250
5286
5298
5310
5262
5280
5298
5304
5292
5256
5280
5298
5280
5268
5262
5268
5304
5268
5274
5250
5274
5298
5274
5262
5256
5298
5304
5274
5256
5274
5286
5304
5268
5268
5286
5292
5310
5244
5280
5298
5286
5268
5250
5304
5286
5268
5268
5274
5310
5286
5268
5250
5268
5322
5304
5262
5262
5268
5298
5274
5250
5274
5268
5304
5262
5256
5262
5304
5310
5256
5244
5304
5298
5286
5262
5280
5304
5286
5268
5262
5268
5310
5280
5268
5250
5274
5316
5280
5262
5262
5274
5304
5274
5256
5280
5286
5304
5262
5250
5286
5304
5256
5238
5274
5304
5280
5268
5256
5280
5280
5268
5268
5256
5310
5280
5274
5268
5274
5316
5298
5274
5262
5274
5304
5304
5250
5274
5274
5286
5262
5250
5268
5280
5298
5256
5238
5274
5298
5292
5262
5250
5286
5286
5268
5268
5262
5304
5280
5268
5274
5268
5316
5298
5274
5262
5274
5310
5298
5256
5274
5268
5304
5274
5250
5274
5298
5310
5262
5268
5298
5304
5298
5250
5280
5304
5292
5274
5262
5268
5304
5274
5262
5250
5268
5292
5274
5268
5256
5310
5298
5274
5256
5274
5292
5304
5274
5262
5274
5298
5316
5238
5268
5298
5304
5262
5250
5280
5304
5268
5268
5262
5268
5280
5274
5268
5250
5316
5292
5274
5268
5280
5310
5274
5256
5268
5268
5310
5268
5250
5262
5304
5310
5256
5238
5298
5304
5304
5262
5280
5304
5292
5274
5256
5268
5304
5280
5268
5256
5268
5316
5268
5262
5256
5280
5304
5274
5256
5274
5292
5304
5274
5250
5274
